Webots Project File version R2023b
perspectives: 000000ff00000000fd0000000300000000000001ca0000039ffc0200000001fb00000012005300630065006e0065005400720065006501000000000000039f0000000000000000000000010000023a00000264fc0200000001fb0000001400540065007800740045006400690074006f00720100000000000002640000008a00ffffff00000003000005e8000000dafc0100000002fb0000000e0043006f006e0073006f006c006501000001d0000005b00000000000000000fb0000001a0043006f006e0073006f006c00650041006c006c0041006c006c0100000000000005e80000008700ffffff000003ac0000026400000004000000040000000100000008fc00000000
simulationViewPerspectives: 000000ff00000001000000020000016c000004a00100000002010000000101
sceneTreePerspectives: 000000ff00000001000000030000001e000000c0000000fa0100000002010000000201
maximizedDockId: -1
centralWidgetVisible: 1
orthographicViewHeight: 1
textFiles: 0 "../Project_1/controllers/proj1_vision_only_controller/proj1_vision_only_controller.py"
consoles: Console:All:All
renderingDevicePerspectives: e-puck:camera_1;1;1;0.125436;0.048913
renderingDevicePerspectives: e-puck:camera_2;1;1;0;0
